150 347
1 82
66 82
118 82
1 51
51 82
51 118
8 51
8 118
5 118
25 118
25 66
66 17
85 118
5 25
95 8
85 8
85 5
5 145
95 51
95 85
112 95
150 95
85 145
68 85
68 145
133 85
68 17
150 133
68 133
149 150
68 57
149 133
116 112
144 68
57 17
16 51
51 76
112 76
116 149
133 116
116 76
133 144
39 16
76 59
133 64
59 116
144 57
110 133
40 144
3 51
21 51
21 16
144 22
59 39
144 94
35 39
22 133
110 116
22 94
94 64
89 94
35 21
59 42
59 110
134 110
64 117
134 59
117 110
64 14
42 39
134 117
33 117
144 89
42 35
123 117
89 40
33 42
54 117
98 35
10 35
42 65
98 10
42 61
33 65
10 139
14 123
111 98
45 98
10 61
42 127
14 56
111 21
111 45
98 139
111 143
46 111
139 115
61 139
65 54
90 139
90 61
54 123
123 56
98 115
61 127
143 46
45 115
90 115
58 45
61 86
58 143
58 115
61 55
65 38
115 55
62 46
62 143
143 141
93 58
141 58
86 127
54 38
32 143
115 93
38 86
56 72
32 62
32 141
141 93
142 141
86 55
93 142
92 72
99 56
99 89
99 40
40 12
3 21
43 21
43 111
43 46
43 62
62 126
93 52
142 32
121 38
54 147
126 32
55 102
38 135
48 38
121 86
54 135
43 126
125 32
56 92
91 126
135 87
72 27
102 52
135 130
54 92
83 72
72 12
13 147
130 87
92 27
100 27
148 126
48 130
121 31
13 130
142 125
18 52
102 121
142 18
48 31
91 3
11 148
48 15
18 102
31 102
83 100
12 83
125 49
15 31
47 3
146 102
47 148
146 31
15 34
11 125
125 20
41 148
11 49
49 20
20 11
101 18
27 131
41 47
41 11
11 128
9 15
101 20
13 131
100 12
128 20
19 15
128 47
128 41
20 119
31 34
18 146
146 101
34 9
146 34
73 9
13 63
84 119
84 101
19 73
34 74
63 19
140 119
84 146
34 71
73 63
131 100
50 34
63 29
140 84
73 29
26 119
146 50
74 71
74 73
29 131
100 7
73 36
108 100
104 146
105 73
26 47
26 128
74 50
131 96
97 74
7 108
104 26
146 69
50 97
69 97
74 36
36 97
7 136
67 97
29 105
29 106
136 96
136 108
97 132
105 36
96 106
79 69
44 69
44 67
36 28
105 28
132 67
29 78
79 26
79 44
67 77
78 105
106 136
77 44
28 78
132 124
77 47
77 26
77 79
77 132
132 107
107 77
109 132
109 28
124 107
106 24
109 78
120 106
120 136
4 109
109 124
106 138
2 24
2 106
88 24
106 60
60 2
60 138
4 88
88 109
24 53
23 2
53 2
122 60
122 138
122 120
113 24
103 24
60 23
80 122
120 81
108 81
23 53
122 37
103 53
103 23
80 129
37 80
81 80
81 12
4 124
113 103
23 37
129 81
4 77
4 113
103 37
137 30
137 129
30 129
75 30
75 12
12 70
6 37
6 4
6 137
137 70
70 6
70 75
12 114
114 3
114 47
114 4
114 6
114 70
