100 181
100 2
3 2
3 4
5 4
5 6
7 6
8 7
8 9
10 9
11 100
2 12
12 11
3 13
13 12
14 4
13 14
15 5
15 14
16 6
15 16
7 17
17 16
8 18
18 17
19 9
18 19
10 20
19 20
21 11
22 12
22 21
23 13
22 23
24 14
24 23
25 15
25 24
16 26
25 26
17 27
27 26
18 28
28 27
29 19
28 29
20 30
30 29
31 21
32 22
31 32
33 23
33 32
24 34
34 33
35 25
35 34
26 36
36 35
27 37
37 36
38 28
37 38
29 39
39 38
40 30
39 40
31 41
32 42
41 42
43 33
43 42
34 44
44 43
35 45
44 45
36 46
46 45
47 37
46 47
48 38
48 47
39 49
49 48
40 50
50 49
51 41
42 52
52 51
53 43
53 52
54 44
53 54
55 45
55 54
46 56
56 55
57 47
57 56
58 48
57 58
59 49
58 59
60 50
60 59
61 51
62 52
62 61
53 63
62 63
64 54
64 63
65 55
64 65
66 56
65 66
57 67
67 66
58 68
68 67
69 59
68 69
70 60
70 69
61 71
62 72
71 72
63 73
72 73
64 74
73 74
75 65
74 75
76 66
75 76
67 77
77 76
68 78
78 77
69 79
79 78
70 80
79 80
71 81
72 82
81 82
83 73
83 82
84 74
83 84
85 75
85 84
76 86
85 86
77 87
86 87
88 78
87 88
89 79
89 88
90 80
89 90
81 91
82 92
92 91
93 83
93 92
94 84
94 93
95 85
95 94
96 86
96 95
97 87
96 97
88 98
98 97
99 89
99 98
90 1
1 99
100 12
