3420 1339
4918 17
10620 16
12391 14
13500 514
14940 17
16380 456
27900 1426
28219 461
33707 509
35100 480
35419 538
42338 442
42752 504
43740 16
46620 4109
49500 15
49692 13
53820 14
55260 1469
56700 528
61020 475
64229 1310
68364 4896
68558 17
71100 1627
72540 6221
73980 17
73980 17
76860 17
78300 13
79740 14
81180 14
82620 4186
82841 475
88380 16
98460 15
99953 16
105660 1267
110013 3494
113180 4954
120060 16
128700 13
130140 5875
133020 15
135900 16
135900 17
138780 3878
141660 461
142122 15
144930 15
153180 1224
153186 1354
154666 432
160380 451
160788 14
161820 1411
163260 16
167580 4109
172059 15
176220 13
176584 504
177788 542
180596 5357
184860 16
184860 16
185137 1541
189180 15
190620 15
190620 456
196380 15
197820 470
202140 16
203580 432
206460 6394
208341 5242
210780 13
212220 13
212325 514
216540 17
216540 5414
217980 504
220860 480
222300 533
225454 17
226620 13
228060 509
228442 3341
230940 13
232577 3302
235260 16
235260 1253
235513 509
239580 490
242460 17
246780 17
252953 14
253980 17
264060 17
264437 533
265500 437
270273 17
271695 13
273109 475
278460 14
278460 490
278755 437
279900 456
279900 1541
289980 480
289980 6394
297180 16
301500 1498
304380 494
305820 15
305820 16
306240 504
307260 1498
310140 15
311580 17
317611 4186
320220 17
321660 16
321660 16
327420 13
329256 1354
334620 16
334774 17
336060 4186
336060 4109
339398 13
344700 14
349020 3917
349481 14
351900 4109
353340 1325
357660 514
363420 427
364860 3494
372488 14
380700 16
380700 4416
384031 15
387900 16
390780 3456
399420 16
400860 523
403740 499
403740 1469
403740 4224
408060 15
409718 3686
410940 4378
411143 13
419580 466
422460 422
422688 15
428415 17
429660 494
431100 16
432540 15
435420 14
454140 16
457020 17
458460 16
467100 15
469980 16
469980 418
471420 490
471493 16
475987 14
476094 490
480060 13
480107 16
484380 16
484448 1339
488700 13
491580 13
491580 1570
494460 3917
497340 427
498780 15
509178 15
514620 14
516147 17
525009 17
