7740 3494
12391 3360
13500 3864
14940 187
35100 3427
42300 1310
47042 185
58140 3595
74079 202
81180 2856
102780 3427
109980 1584
133020 3595
140295 3024
140579 3058
141660 3595
146310 2923
157643 3226
161820 1541
166140 3763
171900 1483
171900 1555
181980 178
182351 1469
187740 3091
192060 32
192060 3461
202140 26
207900 3461
209340 1411
209340 3293
209810 1282
213660 3864
213723 185
216540 2923
217980 191
222300 1397
223896 14
239670 175
242460 3562
253980 3595
260145 1526
264060 1598
267122 26
267328 26
268380 1541
274140 3293
277020 26
277123 178
278460 3528
282931 3797
292860 3763
301500 2990
305820 3326
307260 1310
310140 13
311580 1526
314585 1642
320220 1512
321817 3562
323416 3125
323543 2890
325980 167
334620 3226
336060 1570
339368 202
341820 3763
343378 3864
343425 3595
347859 3797
349020 187
349020 1541
350460 3696
360681 1584
366300 26
379260 26
388123 3226
396540 2990
399420 1584
402300 16
403740 1498
414270 1512
416995 202
451260 1570
480107 3494
481500 1584
507420 34
510300 1483
513180 14
523260 2957
