1980 1238
3420 437
3420 1354
4918 15
10620 1310
13500 69
13500 1541
14940 16
16380 184
27900 456
28219 203
32220 1469
33707 202
35100 191
35419 173
42300 1469
42338 437
42752 499
43740 15
46620 1368
49500 15
50940 1570
53820 16
55260 1267
56700 504
61020 189
63900 1613
64229 461
68364 1469
68558 16
71100 1440
72540 1570
73980 13
73980 17
79740 64
81180 15
82620 1325
82841 202
88380 53
98460 15
99953 17
101441 1526
105660 1483
105660 1296
109980 1526
110013 1411
113180 1267
120060 13
124380 1382
124813 1498
128700 15
130140 1541
133020 14
135900 51
138780 1339
138780 1296
138831 1642
139092 1354
141660 203
144930 16
147742 1440
148860 1498
151740 1512
153180 1426
153186 509
154666 499
156060 1469
158940 1397
160380 64
160380 1642
160788 55
161820 1469
161820 1656
163260 17
167580 1526
172059 16
176220 17
176584 528
177788 166
180596 1627
181980 1555
184860 13
185137 1426
190620 13
190620 494
192060 1310
197820 504
202140 16
203580 67
205020 1541
206460 1498
208341 1411
210780 16
210780 1296
212325 176
216540 1339
217980 59
220860 542
222300 162
223740 1570
226620 53
228060 418
228442 1512
232577 1426
235260 1296
235513 167
239580 157
242460 17
242460 1541
246780 14
252540 1426
252953 15
255766 1541
256860 1310
264060 16
264060 1454
264437 207
265500 184
265500 1656
270273 13
271695 16
273109 480
278460 538
278755 514
279900 157
279900 1368
279900 1541
279900 1426
282780 1339
282888 1627
288540 1310
288992 1541
289980 160
289980 1224
297180 14
301500 1598
304380 58
305820 58
306153 1541
306240 191
307260 1526
311580 66
314460 1570
317340 1598
317611 1440
320220 62
321660 16
321660 58
327420 16
329256 1512
334774 16
336060 1570
336060 1584
340380 1310
340380 1325
344700 14
345179 1541
349020 1469
349481 16
351900 1469
353340 1382
354854 1325
357660 62
363420 542
364860 1310
374940 1382
380700 15
380700 1310
384031 52
389802 1253
390780 1282
396540 1498
396650 1267
400860 514
403740 193
403740 1498
403740 1469
403740 1526
408060 1253
409718 1397
410940 1354
419580 451
419580 1627
422460 176
422688 16
424304 1440
428415 17
428545 1584
429660 193
431294 1354
448380 1253
451260 1325
454140 69
457020 60
458460 66
462780 1454
467100 15
469980 64
471420 432
471493 13
475987 13
476094 514
480060 16
480107 68
481500 1555
484448 1282
486047 1656
488700 13
491580 533
494460 1426
497340 198
498780 14
502076 1238
508975 1426
514620 64
516147 17
520380 1598
520477 1469
523660 1224
525029 1454
