1980 13
3420 202
9412 166
12060 182
12333 63
13764 164
14940 191
14940 196
16380 442
19260 62
19270 187
22140 153
25020 207
26460 53
26460 202
26638 56
28235 542
29485 200
30780 162
32220 14
38421 56
39825 65
42300 184
46620 187
46641 17
48369 162
49500 451
58140 157
58211 13
58285 166
61020 158
61020 528
61253 15
63900 52
63900 200
64324 193
66780 207
68229 65
68251 480
70136 62
75420 153
76860 196
76860 202
78517 193
79740 167
79740 178
81180 187
84247 167
85603 193
85939 166
88380 15
89820 67
91260 52
94140 191
94140 187
97020 178
98460 58
98929 55
100241 193
101340 1296
104220 173
105660 427
105911 205
107100 61
107100 200
107320 62
108540 198
108540 1627
109980 456
111746 175
113279 202
116197 158
117180 187
121500 61
121500 60
121500 62
121500 169
121500 184
122940 62
122940 64
122940 494
123204 166
123331 180
125820 207
125973 1541
126198 198
127260 17
127260 61
127260 176
127565 169
128740 198
128793 528
130349 194
131580 62
131781 176
133020 59
133020 173
133232 451
134460 15
134460 198
134466 55
134670 58
136367 187
137340 158
138780 65
138780 68
143100 57
144540 68
144540 67
144540 153
144540 509
145980 64
145980 175
147420 166
147743 51
148860 185
148860 176
150764 51
151740 153
151740 1498
153180 193
153180 173
153328 65
153493 413
156060 15
156060 180
156060 418
156125 180
157500 64
157500 193
157500 494
157500 1224
158940 1541
158954 64
159223 64
159353 62
160380 446
160380 499
160380 408
160407 175
160594 68
160645 62
160838 51
161820 205
161820 187
163260 67
163260 413
163570 16
164700 194
166140 67
166140 69
166140 157
166140 187
166164 155
167580 68
167580 171
167580 182
167580 176
169020 198
169020 1512
170460 180
171900 65
171900 187
171900 480
172362 162
173340 451
173426 200
173742 69
174780 169
174800 53
175124 182
176220 52
176220 59
176220 64
176220 56
176220 191
176400 523
176408 184
177660 13
177660 533
179100 13
179100 67
179100 1656
179255 194
180540 16
180540 162
180540 202
180540 509
181980 64
181980 200
182284 55
183420 178
183475 166
183670 1469
184860 64
184860 164
184860 155
184860 432
185138 55
186300 193
186513 193
187740 67
187740 67
188125 185
189180 173
189474 67
190620 15
190620 16
190620 16
190620 58
190681 58
190867 171
191001 64
192060 51
192060 169
193500 169
193777 184
194940 15
194940 205
195091 194
196380 194
199260 14
199260 59
199260 55
199260 155
199418 1541
200700 16
200700 64
200700 153
200700 171
200700 160
201158 53
202140 69
202140 67
202140 69
202140 64
202140 153
202362 187
202610 184
203580 200
203580 480
205020 16
205020 62
205020 205
206460 64
206460 187
206460 1310
207900 155
207910 207
207978 202
208040 187
208228 184
209340 57
210884 202
212220 202
212220 171
212220 175
213827 202
213879 185
214038 191
215100 64
215100 202
215100 1339
215199 184
215457 198
216540 59
216540 61
216540 193
216540 202
216540 200
217980 176
217980 180
217980 504
217980 432
218073 418
218235 59
219420 164
219480 53
219630 155
220860 200
220860 514
222300 504
222604 173
223740 187
223740 185
223740 442
225180 64
225629 66
229500 60
229500 176
229568 538
229829 55
230940 176
231212 63
231399 542
232380 184
232380 180
232626 66
233820 52
233820 187
233860 200
235260 52
235260 56
235260 456
235533 466
236700 63
236700 64
236700 175
236700 187
237131 157
238140 175
239580 64
239580 193
239580 160
241020 153
242460 55
242540 1541
243900 53
243900 66
243989 509
244277 51
245360 66
245815 184
246780 61
246780 171
248220 62
249803 408
249964 166
251100 182
251100 509
252540 53
253980 166
254248 53
255420 58
255652 203
255791 196
256923 175
256942 180
258300 432
258300 461
259740 187
259740 180
261226 160
262620 65
262620 55
262916 189
264248 158
264264 207
264386 160
265500 67
265610 533
266940 178
267327 169
268380 68
268380 52
268380 182
268380 514
268380 466
268380 480
268755 64
269820 184
270002 64
270020 59
271260 542
271507 60
271671 169
272700 59
272760 169
272769 61
274140 1368
275580 17
275580 155
275580 202
275580 1642
275792 64
275971 68
277020 60
277020 155
277020 202
277020 178
277317 55
278460 55
278460 61
278873 1282
279900 446
279900 1339
279952 56
281340 56
282780 64
282780 68
282780 1339
282980 162
283054 182
284516 552
284682 171
285660 171
287100 68
287100 187
287100 418
287177 54
287283 66
287312 61
288540 173
288584 153
289980 15
289980 66
289980 470
290342 62
291420 162
291727 59
292860 164
294300 14
294300 55
294300 51
294300 160
294315 1354
294415 437
295740 52
295740 200
295740 158
298620 54
298620 191
300060 175
300060 205
300060 1526
300413 207
301500 1613
301508 62
303229 1598
304380 180
304380 155
304576 64
306292 62
307260 158
307260 167
307269 538
308700 196
308700 205
311580 160
311580 166
311580 1555
311682 60
313020 164
313020 169
313020 1397
313178 422
313384 185
314533 64
315900 160
315980 187
317340 164
317340 187
317527 64
318780 193
318780 509
318780 1469
318957 193
319150 64
320220 175
320220 191
320432 61
321660 155
323100 203
323100 184
323300 60
324871 16
325980 191
325980 196
326252 54
327420 64
327420 205
327420 185
327420 514
327439 164
327484 1570
328860 167
328947 193
329020 166
330779 55
331740 14
331740 59
331740 57
332136 64
332209 53
333180 68
333421 200
334620 16
334620 52
334620 166
334620 461
334685 160
336060 68
336060 180
336060 178
336469 56
337500 205
337500 187
337500 189
337500 203
337500 200
337500 173
337663 187
338940 69
338940 196
338940 175
338940 178
338940 494
338940 1354
339130 67
340380 58
340380 198
340427 160
340621 176
341820 53
341820 196
342274 162
343260 180
343598 185
343663 61
344700 55
344700 202
344725 180
346140 191
346592 202
347580 68
347580 203
347580 155
347711 61
348010 184
349020 15
349020 158
349020 200
349020 205
350460 17
350460 466
350460 490
351900 58
352043 175
352355 189
353340 65
353340 1555
353638 58
353679 198
354780 69
354780 205
354969 52
356220 182
356261 167
356463 66
357660 182
359100 162
359466 56
359536 13
360540 64
360540 68
360588 175
360869 169
360959 55
361980 55
361980 191
363464 63
363636 54
363647 59
364861 166
366300 538
367740 182
368138 173
369180 65
369180 169
369180 451
369180 442
369574 57
371025 191
372060 59
372060 56
372060 153
373882 58
374940 185
374940 182
374940 1526
376456 61
377820 166
377820 1411
379604 65
379610 200
380700 205
380700 475
380712 178
381070 196
382140 162
382140 175
382140 189
382404 65
383580 69
383656 178
384057 194
385020 184
386460 1613
386911 176
387900 167
387900 191
387900 182
387900 180
387900 164
388226 55
389340 58
389340 59
389340 175
390780 52
390780 205
390780 155
391048 15
391056 55
392220 207
393660 58
393660 164
393660 185
393660 155
393666 175
393865 1570
395100 68
395342 1642
395370 63
396846 67
397980 56
397980 198
399420 64
399420 207
399677 196
400860 191
401286 155
402300 456
402300 509
402562 193
403740 13
403740 60
403740 169
403740 184
403740 518
403868 538
405180 184
405180 157
405206 203
406620 160
406630 466
408379 63
409500 157
409749 446
410940 53
410940 61
412618 158
413820 53
413820 193
415260 205
415260 509
415323 56
416700 164
416700 167
416700 202
416700 187
418140 56
418140 182
418140 1411
418432 178
422460 189
423900 196
423900 158
425735 66
426780 173
427075 194
429660 167
430083 427
431100 189
431251 160
431569 1598
432540 67
433980 205
433980 191
435420 16
435420 205
435420 451
435587 153
435871 16
436860 207
436860 178
436860 173
436860 162
438300 157
438583 56
438594 54
441180 207
442620 61
442620 175
442810 162
444060 198
445814 160
448595 205
450128 153
451260 533
451260 1584
451265 157
452925 171
454140 62
454140 422
455580 155
455580 485
455580 542
457020 182
459900 66
459900 194
461340 184
462780 198
464220 64
464220 62
464220 62
464220 205
465660 54
467100 59
468540 418
469980 54
469980 191
470192 169
471420 16
471420 69
471420 162
474300 69
474725 207
475740 55
475740 57
475740 175
475881 65
477180 164
477180 185
477399 13
478620 62
478620 62
478620 1440
480060 58
480096 504
480437 184
481500 64
482940 54
485820 63
488700 13
488700 193
488986 167
490466 16
491580 166
491615 187
491823 189
493020 185
494460 54
494518 158
497340 180
508860 200
510300 187
513180 202
513180 205
516060 169
517500 157
517500 158
520380 1627
524700 54
524700 191
524777 59
526140 17
